3283
3977
3620
1593
4806
3433
3434
2895
3792
2560
2982
5079
4699
3485
2453
2210
2814
4601
4276
2195
1059
3498
2709
1879
2709
3496
4052
4927
3800
1727
4767
4936
3070
2866
4582
1182
3636
3080
4020
1697
2345
1271
2619
3998
3460
1523
2609
4659
4847
1876
1436
3920
4782
4364
4906
4382
4200
2498
4798
2090
1072
1240
3019
2308
2274
2049
4285
1729
1819
2624
1004
2826
1510
4971
4767
3418
3620
2467
3504
3355
1906
2435
4319
4109
3204
1714
2589
2360
2811
3355
3242
2268
4377
2352
2457
2510
4058
3500
2056
3366
3192
2416
2568
2828
5053
1808
1806
4007
1757
2915
5013
1523
3316
2202
1483
3580
3596
3404
3718
4489
1265
1820
3319
2200
1037
2237
3486
3971
1731
1026
4688
4932
3548
3298
3418
4887
2935
4796
1384
4278
5058
1417
3222
4198
4508
1114
2776
2235
3233
2440
2171
4281
2884
4308
4924
3732
3951
3282
3484
5073
1554
1942
1084
3600
2657
3914
2217
2881
2027
2315
4625
1688
4143
4601
1300
4469
4712
4226
3535
3059
2716
3966
4019
2980
2887
1847
4289
4940
1452
4909
3969
2649
4640
3327
3552
3217
2210
4148
2881
1125
1275
2132
3550
2847
1367
4798
1889
2868
3173
3554
1432
1845
2804
2817
1972
4401
3956
1758
2455
1360
1211
2104
2455
2575
4114
1205
1750
2134
1989
3187
1839
4251
2971
2152
3560
2194
2616
4914
2217
3647
2469
4823
4944
1721
4854
3841
1346
1338
2952
2689
4045
4231
2127
4680
1389
3621
2029
1025
4251
2756
4696
4648
3541
3305
2424
1856
3823
1981
4083
3241
3838
2277
4157
1690
3090
2268
3991
2678
1753
2875
4923
3593
3765
3547
1086
2171
2500
3738
4793
3916
2821
4520
1950
3194
2032
4923
3748
4552
2941
4212
3737
1897
3777
1745
4010
1208
4791
2494
1776
3391
4704
3710
1585
4816
1115
1499
4261
4035
1978
1363
4387
1670
1245
4770
2798
3872
1230
4805
4694
4384
3403
3607
2227
4553
2273
3140
1433
4689
1920
2741
2374
1071
3045
3463
4348
2398
2581
4266
2498
1960
3585
16677
16629
16435
15043
17313
15171
17648
17327
14246
16636
16606
15115
13989
16320
16370
16084
17222
14977
17280
17385
14250
13989
16178
15764
14968
14997
17615
15563
16620
17035
15878
16953
16748
17673
16961
15440
14433
14025
15756
16046
17200
17310
16166
17335
15671
16692
14309
15565
16490
16000
15115
15578
15880
15170
14403
17372
17271
17333
14374
17139
15859
16606
14296
16237
16324
15153
14593
15998
15345
17121
17395
16362
15994
14923
15184
15424
16809
16222
15116
16904
15612
13794
13704
15689
15971
13809
14122
14852
14782
15495
16849
16020
13865
15679
15617
15433
15556
16445
14031
17416
15860
14285
16408
15110
13924
16168
16537
15346
15346
14395
14524
17204
14068
14351
16700
17209
13908
17554
15643
16518
14186
15351
15789
16136
16734
17111
15372
16350
14784
16646
17481
14960
16265
16717
16094
16486
16836
16014
17546
14676
17694
16454
17018
17517
14422
14202
14838
14207
16687
13927
15074
13977
17262
15451
17154
15908
16926
14733
16082
16661
17328
17418
15036
14186
17561
15421
17634
15461
14401
16524
16051
17318
15710
13740
15216
17308
16276
15627
17267
13951
17033
14284
13782
16384
15669
14750
16256
15612
15035
14673
14764
13711
17623
17364
14162
16538
15699
16779
15579
16771
16986
13883
14505
16123
13858
14802
13693
14674
16959
17122
14268
17329
15398
14459
14090
17236
13667
15234
15625
16819
17165
17212
15147
17186
14839
14143
14788
14086
16495
16174
14788
16673
15444
15735
14179
15563
15091
17215
15577
17356
15529
14535
13887
15514
16275
15979
16013
14529
15474
17537
13734
16009
16790
14075
14445
13699
13845
15302
15963
17222
17515
14216
16768
15900
14021
16906
17452
15688
17055
17525
16205
16485
14469
16890
17614
17682
14132
15476
15656
14057
15728
16540
14794
14242
17002
14265
13906
14172
17549
13819
16089
17112
14316
16132
14880
14660
16164
14704
14343
13723
15724
15467
13751
17113
15713
17379
17445
17035
13900
16744
14272
14400
17616
16406
17158
14220
17225
17524
14339
17288
16485
16866
15978
16607
13889
13670
15671
17705
16282
16163
15155
17239
15082
14272
16220
14485
17143
17550
16168
13915
14328
17326
14762
14202
15961
15401
15760
14412
14222
15275
15256
14062
16122
16436
16685
17359
17043
16024
16535
13765
15603
14528
16817
17216
16732
16493
17262
15303
17180
16591
17101
15794
15455
16865
17055
41983
43351
40950
41478
44035
43495
42147
42242
42146
43038
41998
42720
43358
43923
30962
31576
32101
32407
29581
31607
31072
28877
28958
30449
30627
32214
32361
30058
31364
28493
30253
29374
31955
29614
29046
32050
31720
32205
32300
30581
31982
29314
29924
30015
31743
30073
29131
30809
31783
29081
32199
31502
28517
31055
28723
30202
30889
31508
29444
28560
30585
29642
28635
31357
31429
31802
32124
29909
29373
32012
29058
29357
59001
55770
58011
57567
57154
55834
55099
55493
58610
58216
55489
57746
57328
56066
55754
58287
57884
56019
55851
57376
55705
55447
58396
55274
58994
55565
57185
55774
58086
58893
56787
55295
57938
57266
55696
57590
58650
57098
58869
56657
56659
59048
56329
55058
57458
59051
57831
55616
56456
56258
58322
58445
57681
56622
58712
57019
56297
55916
57589
57837
55721
55993
57934
56022
55288
57338
56925
37500
40895
39633
37770
37172
37621
38126
38432
39208
39963
39955
39578
37657
38384
39580
39346
38895
38744
37931
41146
37964
40706
39070
40972
37974
38650
40120
39887
37700
40752
56067
54915
57887
54862
55212
57084
55389
57767
54769
57220
55318
56446
55658
55965
55598
54602
57041
57280
56364
54541
55509
54862
58201
54732
57981
57981
56408
56152
57957
55302
54668
54461
56855
55880
57220
58134
55383
56966
54867
55796
56988
55389
57445
54703
56996
58198
57343
56712
57738
56659
56350
56930
57031
54558
54835
58084
57468
62103
60449
62538
60849
61134
60156
60488
61233
62435
61618
62299
62064
63687
61523
63224
63308
62591
62840
62411
63437
61302
62983
60446
61342
60251
61154
62579
60852
59740
61785
61476
61110
61669
62015
60459
60445
61865
60468
60464
1785
4331
1240
2103
4205
2110
2869
1099
1691
